1.745000000000000000e+02
1.748000000000000114e+02
1.784000000000000057e+02
1.718000000000000114e+02
1.650999999999999943e+02
1.795000000000000000e+02
1.690000000000000000e+02
1.751999999999999886e+02
1.751999999999999886e+02
1.705999999999999943e+02
1.803000000000000114e+02
1.855999999999999943e+02
1.700999999999999943e+02
1.700000000000000000e+02
1.619000000000000057e+02
1.634000000000000057e+02
1.800000000000000000e+02
1.740999999999999943e+02
1.770000000000000000e+02
1.695000000000000000e+02
1.680000000000000000e+02
1.806999999999999886e+02
1.759000000000000057e+02
1.716999999999999886e+02
1.645000000000000000e+02
1.611999999999999886e+02
1.580000000000000000e+02
1.624000000000000057e+02
1.703000000000000114e+02
1.734000000000000057e+02
1.654000000000000057e+02
1.774000000000000057e+02
1.755999999999999943e+02
1.770000000000000000e+02
1.718000000000000114e+02
1.715000000000000000e+02
1.705999999999999943e+02
1.735999999999999943e+02
1.760000000000000000e+02
1.701999999999999886e+02
1.663000000000000114e+02
1.813000000000000114e+02
1.646999999999999886e+02
1.699000000000000057e+02
1.751999999999999886e+02
1.660000000000000000e+02
1.713000000000000114e+02
1.670000000000000000e+02
1.630000000000000000e+02
1.684000000000000057e+02
1.808000000000000114e+02
1.843000000000000114e+02
1.770000000000000000e+02
1.745000000000000000e+02
1.638000000000000114e+02
1.796999999999999886e+02
1.640000000000000000e+02
1.790999999999999943e+02
1.754000000000000057e+02
1.780999999999999943e+02
1.705999999999999943e+02
1.801999999999999886e+02
1.780000000000000000e+02
1.775999999999999943e+02
1.753000000000000114e+02
1.800000000000000000e+02
1.690000000000000000e+02
1.739000000000000057e+02
1.675000000000000000e+02
1.740000000000000000e+02
1.760999999999999943e+02
1.736999999999999886e+02
1.780000000000000000e+02
1.810000000000000000e+02
1.745000000000000000e+02
1.760000000000000000e+02
1.763000000000000114e+02
1.775999999999999943e+02
1.789000000000000057e+02
1.780000000000000000e+02
1.705999999999999943e+02
1.620999999999999943e+02
1.795999999999999943e+02
