2.543130380000000024e+00
2.590270899000000071e+00
2.640278797000000122e+00
2.691979338999999971e+00
2.746072140999999966e+00
2.801002630999999798e+00
2.857866856999999872e+00
2.916108096999999955e+00
2.970292188000000166e+00
3.019233434000000216e+00
3.068370609000000027e+00
3.126686743000000046e+00
3.195779246999999934e+00
3.267212338000000216e+00
3.337111982999999782e+00
3.406417036000000120e+00
3.475448166000000061e+00
3.546810808000000037e+00
3.620655274999999840e+00
3.695390335999999998e+00
3.770163092000000216e+00
3.844800885000000168e+00
3.920251503999999887e+00
3.995517077000000139e+00
4.069437231000000210e+00
4.142505882000000028e+00
4.215772489999999983e+00
4.289657708000000014e+00
4.365582870999999976e+00
4.444007705999999835e+00
4.524627657999999997e+00
4.607984871000000204e+00
4.691884238000000096e+00
4.775836073999999876e+00
4.861730612999999757e+00
4.950063338999999729e+00
5.040984495000000010e+00
5.132293974000000425e+00
5.223704308000000296e+00
5.316175861999999697e+00
5.406245866999999983e+00
5.492686092999999659e+00
5.577433522999999838e+00
5.660727993000000069e+00
5.743219454000000113e+00
5.825145297999999805e+00
5.906481260999999705e+00
5.987312479999999937e+00
6.067758458000000132e+00
6.148898974999999822e+00
6.230746982000000322e+00
6.312407359999999912e+00
6.393898365000000084e+00
6.475751478000000283e+00
6.558176118999999638e+00
6.641416217999999816e+00
6.725948544000000417e+00
6.811597272000000203e+00
6.898305908000000208e+00
6.985603105000000035e+00
7.073125424999999744e+00
7.161697921000000022e+00
7.250593369999999815e+00
7.339013418999999594e+00
7.426597537000000138e+00
7.513474237999999694e+00
7.599822404000000198e+00
7.683789828000000099e+00
7.764951031999999920e+00
7.840952879999999681e+00
7.909295151000000246e+00
7.975105155999999695e+00
8.045311446999999561e+00
