1.906013697664148410e+00
9.678786588391403711e-01
5.977800410338088177e+00
4.895867249648840236e+00
1.965343455293635522e+00
7.011082713377014386e+00
1.558615952209119548e+01
1.005643091839755776e+01
4.562860989818713797e+00
8.131224861150121441e+00
1.183593096673324041e+01
5.630688389442314978e+00
5.826851200804204822e+00
1.184571943605700284e+01
1.272703154280742588e+01
9.444327317570873959e+00
6.629114014729545090e+00
6.494668663303789558e+00
1.405667430826207465e+01
1.035545871090024406e+01
-7.362691026028660701e+01
1.073139519112106122e+01
9.164764533344529340e+00
3.804394303862729032e+00
1.267837803973861632e+01
-6.653276792430602882e+01
1.396682518578976051e+01
3.949489706558491520e+00
5.772683249955488094e+00
4.708217194595302857e+00
1.342107788421269321e+00
-4.083925744374457878e+00
-3.594709318257025110e+00
2.996842728831550673e+00
-2.008667500938437378e+00
9.161310960507624834e-01
-8.505030579994565798e-01
-2.301791893504300468e+00
-1.500955448748482191e+00
-8.089217378250584289e+00
-9.363480783301536547e+00
-7.582946768184424258e+00
-9.357623408025897760e+00
-6.254346439885990705e+00
-1.218671820684850715e+01
-1.468674327962687620e+01
-1.162281145122284265e+01
-1.376911997786582553e+01
-1.076412998372421015e+01
-1.104106220734420418e+01
-3.018800483499024523e+00
-7.110035050112776034e+00
-6.571187134541767172e+00
-1.025787878194788938e+01
-7.493679783709890074e+00
-1.172797940784248283e+01
-5.813688493266957913e+00
-2.365366739806341378e+00
-1.564556040797937086e+00
-5.289346535635202073e+00
-3.164162334687368183e+00
1.876054458335405739e+00
3.435321959915946799e-01
-1.012058028662606191e+00
-4.351277520847962599e-01
3.128084896135944426e+00
9.150247891928813715e+00
1.384427607486517608e+00
1.262434304746812508e+00
4.843030527111407579e+00
7.218188076746937298e+00
1.075683137598296213e+01
5.417344809827964625e+00
6.183575528031838076e+00
8.098092340546298118e+00
1.160338062437121387e+01
1.068286876446812705e+01
1.356548119166232524e+01
9.062056856456784715e+00
9.263121196313138128e+00
6.818062668238454194e+00
1.127992106285297425e+01
5.939454415719634284e+00
8.824737934610595858e+00
7.255540126263782419e+00
1.194277319961536321e+01
6.801539386071975279e+00
7.771184116870836434e+00
7.244878962272470524e+00
3.855903445507630867e+00
6.507114714919757681e+00
2.642059263568967253e+00
2.784485409684744894e+00
6.849251975042090379e+00
-3.834171380726978384e+00
1.887173519950339440e+00
2.621668390046947739e+00
-5.720617612154705434e+00
-1.080518100989483088e+00
-1.330419113250893481e+01
-6.792456206774529548e+00
-7.134927412238715405e+00
-7.716930343482927057e+00
-4.172453171314962184e+00
-5.191965109624761432e+00
-4.658085438168833470e+00
-1.216067504894583884e+01
-2.482650205367940899e+00
-1.559809471892267396e+01
