1.610000000000000000e+02
1.634000000000000057e+02
1.645000000000000000e+02
1.654000000000000057e+02
1.541999999999999886e+02
1.678000000000000114e+02
1.580000000000000000e+02
1.631999999999999886e+02
1.645999999999999943e+02
1.586999999999999886e+02
1.710000000000000000e+02
1.590999999999999943e+02
1.501999999999999886e+02
1.516999999999999886e+02
1.660000000000000000e+02
1.619000000000000057e+02
1.645999999999999943e+02
1.585000000000000000e+02
1.578000000000000114e+02
1.629000000000000057e+02
1.586999999999999886e+02
1.520000000000000000e+02
1.520999999999999943e+02
1.470000000000000000e+02
1.513000000000000114e+02
1.571999999999999886e+02
1.598000000000000114e+02
1.558000000000000114e+02
1.644000000000000057e+02
1.628000000000000114e+02
1.665000000000000000e+02
1.608000000000000114e+02
1.580000000000000000e+02
1.613000000000000114e+02
1.595000000000000000e+02
1.633000000000000114e+02
1.585999999999999943e+02
1.570000000000000000e+02
1.675000000000000000e+02
1.533000000000000114e+02
1.599000000000000057e+02
1.638000000000000114e+02
1.550000000000000000e+02
1.604000000000000057e+02
1.550000000000000000e+02
1.510000000000000000e+02
1.576999999999999886e+02
1.678000000000000114e+02
1.701999999999999886e+02
1.650000000000000000e+02
1.630000000000000000e+02
1.578000000000000114e+02
1.671999999999999886e+02
1.510000000000000000e+02
1.640000000000000000e+02
1.600000000000000000e+02
1.654000000000000057e+02
1.650000000000000000e+02
1.636999999999999886e+02
1.615999999999999943e+02
1.660000000000000000e+02
1.590000000000000000e+02
1.610999999999999943e+02
1.573000000000000114e+02
1.589000000000000057e+02
1.620000000000000000e+02
1.614000000000000057e+02
1.650000000000000000e+02
1.670000000000000000e+02
1.625000000000000000e+02
1.640000000000000000e+02
1.621999999999999886e+02
1.631999999999999886e+02
1.648000000000000114e+02
1.631999999999999886e+02
1.586999999999999886e+02
1.521999999999999886e+02
1.670999999999999943e+02
